normMean = [0.56719673 0.5293289  0.48351972]
normStd = [0.20874391 0.21455203 0.22451781]
transforms.Normalize(normMean = [0.56719673 0.5293289  0.48351972], normStd = [0.20874391 0.21455203 0.22451781])